13.03
11.56
11.69
13.03
10.88
9.28
9.94
10.88
9.35
7.25
9.01
9.35
8.94
6.41
8.9
8.94
8.53
6.15
8.53
8.53
8.49
6.27
8.49
8.49
12.79
10.57
12.79
12.79
13.52
11.02
13.52
13.52
11.35
8.94
11.35
11.35
11.23
9.31
11.23
11.23
10.14
7.98
10.14
10.14
9.34
7.02
9.34
9.34
9.53
7.15
9.53
9.53
9.77
7.79
9.77
9.77
12.62
10.45
12.62
12.62
12.63
10.58
12.63
12.63
10.5
9.11
10.5
10.5
9.42
8.16
9.42
9.42
8.25
6.48
8.25
8.25
8.87
6.9
8.87
8.87
8.34
6.12
8.34
8.34
8.3
6.48
8.3
8.3
7.66
4.88
7.66
7.66
7.89
5.05
7.89
7.89
7.24
3.77
7.24
7.24
6.87
3.67
6.87
6.87
6.74
2.76
6.74
6.74
6.62
2.29
6.62
6.62
6.44
2.57
6.44
6.44
6.54
3.17
6.54
6.54
10.33
6.59
10.33
10.33
14.1
8.53
14.1
14.1
10.37
6.97
10.37
10.37
8.97
4.77
8.97
8.97
8.26
4.71
8.26
8.26
7.57
4.59
7.57
7.57
7.15
3.98
7.15
7.15
6.98
3.77
6.98
6.98
12.76
10.18
12.76
12.76
14.2
11.36
14.2
14.2
