13.79
12.44
13.2
13.79
12.88
11.13
12.47
12.88
12.23
11.04
12.08
12.23
12.27
10.76
12.25
12.27
11.7
8.92
11.7
11.7
11.46
6.62
11.46
11.46
11.39
5.28
11.39
11.39
10.79
4.77
10.79
10.79
8.56
1.39
8.56
8.56
7.93
-0.15
7.93
7.93
7.41
-1.8
7.41
7.41
7.6
-0.97
7.6
7.6
7.65
-1.38
7.65
7.65
8.82
1.39
8.82
8.82
10.78
4.72
10.78
10.78
10.1
4.68
10.1
10.1
7.7
3.18
7.7
7.7
7.14
2.16
7.14
7.14
6.23
2.03
6.23
6.23
5.77
1.6
5.77
5.77
5.57
1.57
5.57
5.57
6.85
4.38
6.85
6.85
9.33
5.58
9.33
9.33
9.12
3.14
9.12
9.12
8.16
2.29
8.16
8.16
7.09
3.81
7.09
7.09
6.93
3.49
6.93
6.93
5.27
-0.16
5.27
5.27
5.28
1.47
5.28
5.28
6.25
4.14
6.25
6.25
8.34
5.84
8.34
8.34
8.56
5.9
8.56
8.56
6.96
3.0
6.96
6.96
7.24
0.93
7.24
7.24
7.31
1.24
7.31
7.31
7.92
0.65
7.92
7.92
7.51
1.67
7.51
7.51
10.13
4.96
10.13
10.13
11.8
8.14
11.8
11.8
9.42
6.19
9.42
9.42
