13.73
11.39
12.23
13.73
12.84
10.22
12.2
12.84
12.42
9.6
12.23
12.42
12.01
9.82
11.98
12.01
11.4
9.27
11.4
11.4
15.21
12.31
15.21
15.21
16.5
13.68
16.5
16.5
14.38
12.75
14.38
14.38
12.68
10.36
12.68
12.68
12.73
10.56
12.73
12.73
12.74
11.01
12.74
12.74
12.63
11.41
12.63
12.63
12.76
10.36
12.76
12.76
15.7
10.54
15.7
15.7
16.43
12.06
16.43
16.43
14.63
12.4
14.63
14.63
12.75
11.25
12.75
12.75
13.0
10.18
13.0
13.0
13.44
9.07
13.44
13.44
13.77
8.64
13.77
13.77
13.29
7.45
13.29
13.29
12.06
8.18
12.06
12.06
12.55
7.18
12.55
12.55
11.64
8.39
11.64
11.64
10.41
7.21
10.41
10.41
9.58
6.22
9.58
9.58
9.53
5.59
9.53
9.53
9.53
5.07
9.53
9.53
9.4
4.87
9.4
9.4
13.03
5.78
13.03
13.03
14.33
4.25
14.33
14.33
13.52
4.02
13.52
13.52
13.31
5.15
13.31
13.31
13.27
5.37
13.27
13.27
12.76
6.4
12.76
12.76
12.53
6.84
12.53
12.53
12.66
6.6
12.66
12.66
15.08
7.59
15.08
15.08
15.16
7.63
15.16
15.16
14.08
7.76
14.08
14.08
