14.05
10.39
14.05
14.35
13.72
9.02
13.71
13.72
12.37
9.76
12.28
12.37
11.19
7.07
11.17
11.19
10.41
7.09
10.41
10.41
10.33
7.25
10.33
10.33
10.83
7.89
10.83
10.83
9.71
4.83
9.71
9.71
8.62
3.75
8.62
8.62
7.69
2.89
7.69
7.69
7.89
2.19
7.89
7.89
7.6
0.47
7.6
7.6
7.39
1.48
7.39
7.39
7.2
1.76
7.2
7.2
7.55
2.29
7.55
7.55
8.34
4.49
8.34
8.34
7.66
3.05
7.66
7.66
5.33
0.25
5.33
5.33
5.3
0.43
5.3
5.3
4.86
0.49
4.86
4.86
4.45
0.3
4.45
4.45
4.32
0.62
4.32
4.32
6.17
3.45
6.17
6.17
7.12
3.1
7.12
7.12
6.03
1.65
6.03
6.03
8.21
2.73
8.21
8.21
9.85
2.15
9.85
9.85
8.36
0.03
8.36
8.36
9.13
6.74
9.13
9.13
7.21
4.06
7.21
7.21
6.91
4.02
6.91
6.91
6.88
4.22
6.88
6.88
7.79
5.64
7.79
7.79
7.4
4.36
7.4
7.4
7.83
5.81
7.83
7.83
8.99
2.16
8.99
8.99
10.31
2.28
10.31
10.31
10.74
3.67
10.74
10.74
10.12
4.83
10.12
10.12
10.61
5.99
10.61
10.61
