13.6
11.88
13.24
13.6
13.37
10.7
13.21
13.37
13.42
10.12
13.38
13.42
13.27
9.81
13.26
13.27
13.39
10.03
13.39
13.39
13.18
10.53
13.18
13.18
13.11
9.61
13.11
13.11
12.77
9.19
12.77
12.77
12.43
9.03
12.43
12.43
12.03
9.29
12.03
12.03
11.82
9.1
11.82
11.82
12.18
8.21
12.18
12.18
10.42
8.45
10.42
10.42
9.59
6.91
9.59
9.59
9.45
6.1
9.45
9.45
10.31
8.03
10.31
10.31
9.93
7.23
9.93
9.93
8.51
6.71
8.51
8.51
8.39
5.69
8.39
8.39
8.2
5.25
8.2
8.2
8.14
5.04
8.14
8.14
8.0
4.88
8.0
8.0
8.45
4.52
8.45
8.45
8.87
4.78
8.87
8.87
9.08
6.87
9.08
9.08
8.71
5.43
8.71
8.71
8.98
4.92
8.98
8.98
8.66
4.61
8.66
8.66
9.79
4.26
9.79
9.79
11.17
2.1
11.17
11.17
11.45
1.52
11.45
11.45
12.56
1.84
12.56
12.56
13.0
2.75
13.0
13.0
13.07
3.83
13.07
13.07
13.22
4.26
13.22
13.22
12.94
5.61
12.94
12.94
12.88
6.52
12.88
12.88
12.58
8.08
12.58
12.58
12.99
6.76
12.99
12.99
13.21
7.22
13.21
13.21
