7.56
5.04
6.05
7.56
5.98
2.13
5.15
5.98
5.85
2.28
5.63
5.85
5.89
2.78
5.86
5.89
5.94
2.92
5.94
5.94
6.11
2.96
6.11
6.11
8.38
5.69
8.38
8.38
10.3
8.91
10.3
10.3
9.37
7.77
9.37
9.37
7.59
4.21
7.59
7.59
7.07
3.42
7.07
7.07
6.8
3.35
6.8
6.8
6.58
3.32
6.58
6.58
6.69
3.79
6.69
6.69
8.79
6.01
8.79
8.79
10.84
9.29
10.84
10.84
9.57
7.66
9.57
9.57
6.8
3.52
6.8
6.8
7.0
2.89
7.0
7.0
6.66
3.04
6.66
6.66
6.82
3.8
6.82
6.82
6.51
3.84
6.51
6.51
6.51
3.5
6.51
6.51
7.7
5.6
7.7
7.7
7.33
5.15
7.33
7.33
6.5
4.07
6.5
6.5
5.83
2.01
5.83
5.83
5.11
0.58
5.11
5.11
4.39
-0.54
4.39
4.39
4.15
-0.44
4.15
4.15
5.78
1.94
5.78
5.78
7.83
5.18
7.83
7.83
7.08
4.76
7.08
7.08
5.62
2.78
5.62
5.62
5.76
2.4
5.76
5.76
5.49
2.77
5.49
5.49
5.28
1.68
5.28
5.28
4.78
0.44
4.78
4.78
4.82
-0.14
4.82
4.82
6.35
2.09
6.35
6.35
