8.01
1.04
8.01
8.82
8.13
2.89
8.13
8.37
7.81
4.81
7.81
7.85
7.01
2.18
7.01
7.01
7.01
-0.29
7.01
7.01
6.59
0.1
6.59
6.59
6.82
0.0
6.82
6.82
6.72
0.4
6.72
6.72
6.71
0.61
6.71
6.71
5.0
0.53
5.0
5.0
4.63
-0.15
4.63
4.63
6.1
0.41
6.1
6.1
6.71
-0.86
6.71
6.71
7.41
-1.39
7.41
7.41
8.42
1.36
8.42
8.42
10.89
4.74
10.89
10.89
9.05
2.09
9.05
9.05
9.15
-1.11
9.15
9.15
9.41
-1.54
9.41
9.41
10.58
1.81
10.58
10.58
9.99
1.98
9.99
9.99
9.49
2.4
9.49
9.49
10.81
5.67
10.81
10.81
12.81
5.48
12.81
12.81
11.88
6.12
11.88
11.88
10.12
4.74
10.12
10.12
9.64
5.07
9.64
9.64
9.05
3.78
9.05
9.05
8.45
4.45
8.45
8.45
8.03
4.15
8.03
8.03
9.0
5.23
9.0
9.0
11.72
7.86
11.72
11.72
11.4
7.98
11.4
11.4
9.99
4.99
9.99
9.99
8.72
4.24
8.72
8.72
8.17
2.89
8.17
8.17
7.78
2.96
7.78
7.78
6.58
2.65
6.58
6.58
7.41
4.83
7.41
7.41
8.29
5.21
8.29
8.29
