12.69
10.35
12.69
13.78
13.74
9.97
13.74
14.31
13.56
9.21
13.56
13.69
13.18
7.24
13.18
13.19
12.73
6.4
12.73
12.73
12.52
5.95
12.52
12.52
12.0
5.86
12.0
12.0
12.07
5.78
12.07
12.07
11.82
5.6
11.82
11.82
10.65
6.93
10.65
10.65
9.12
6.82
9.12
9.12
8.42
5.85
8.42
8.42
6.6
3.29
6.6
6.6
7.51
2.02
7.51
7.51
6.86
2.84
6.86
6.86
7.8
4.39
7.8
7.8
9.33
6.52
9.33
9.33
8.36
5.4
8.36
8.36
5.98
2.26
5.98
5.98
5.04
0.88
5.04
5.04
4.87
0.78
4.87
4.87
4.66
0.8
4.66
4.66
3.84
0.56
3.84
3.84
5.81
3.46
5.81
5.81
7.38
4.59
7.38
7.38
6.99
3.94
6.99
6.99
7.81
3.07
7.81
7.81
6.34
1.62
6.34
6.34
7.12
2.74
7.12
7.12
11.0
3.47
11.0
11.0
11.65
1.93
11.65
11.65
9.6
4.24
9.6
9.6
9.84
3.41
9.84
9.84
10.83
2.31
10.83
10.83
10.32
2.49
10.32
10.32
10.18
2.97
10.18
10.18
9.98
3.94
9.98
9.98
9.84
3.81
9.84
9.84
9.41
4.82
9.41
9.41
9.68
5.24
9.68
9.68
