3.56
-0.87
3.56
3.99
3.26
-0.4
3.26
3.29
3.91
-1.28
3.91
3.96
4.85
-1.62
4.85
4.86
6.91
-1.57
6.91
6.91
8.66
1.52
8.66
8.66
8.79
1.17
8.79
8.79
8.63
2.76
8.63
8.63
7.99
0.17
7.99
7.99
8.45
0.28
8.45
8.45
8.92
1.58
8.92
8.92
8.91
3.73
8.91
8.91
7.69
1.32
7.69
7.69
10.23
4.25
10.23
10.23
12.47
5.85
12.47
12.47
11.11
6.31
11.11
11.11
8.66
3.8
8.66
8.66
7.89
3.54
7.89
7.89
7.87
4.34
7.87
7.87
8.1
4.73
8.1
8.1
7.52
3.7
7.52
7.52
8.89
6.02
8.89
8.89
10.47
7.76
10.47
10.47
7.34
3.67
7.34
7.34
7.43
5.44
7.43
7.43
7.22
4.96
7.22
7.22
6.5
3.0
6.5
6.5
6.1
3.08
6.1
6.1
6.35
3.01
6.35
6.35
7.06
3.84
7.06
7.06
9.33
6.43
9.33
9.33
7.84
5.76
7.84
7.84
6.56
4.69
6.56
6.56
6.27
3.84
6.27
6.27
5.65
2.97
5.65
5.65
5.09
1.78
5.09
5.09
4.89
1.89
4.89
4.89
6.63
3.81
6.63
6.63
8.13
5.49
8.13
8.13
7.56
5.27
7.56
7.56
