giorno
1608716807
26.71
26.71
giorno
1608630407
26.01
26.12
giorno
1608544007
26.26
27.24
giorno
1608457607
26.9
27.74
giorno
1608371207
26.2
27.3
giorno
1608720654
16.01
13.05
giorno
1608634254
15.5
14.37
giorno
1608547854
14.72
10.2
giorno
1608461454
13.09
9.09
giorno
1608375054
12.13
6.8
giorno
1608730808
14.64
11.57
giorno
1608644408
15.41
12.28
giorno
1608558008
14.98
11.64
giorno
1608471608
13.62
10.01
giorno
1608385208
13.46
7.83
giorno
1608730887
14.64
11.57
giorno
1608644487
15.41
12.28
giorno
1608558087
14.98
11.64
giorno
1608471687
13.62
10.01
giorno
1608385287
13.47
7.84
giorno
1608732240
14.62
11.54
giorno
1608645840
15.4
12.27
giorno
1608559440
14.78
11.4
giorno
1608473040
13.6
9.98
giorno
1608386640
13.77
8.21
giorno
1608733204
14.95
11.27
giorno
1608646804
15.46
11.63
giorno
1608560404
14.36
9.98
giorno
1608474004
13.46
9.8
giorno
1608387604
13.07
7.95
giorno
1608735099
14.95
11.69
giorno
1608648699
14.67
10.91
giorno
1608562299
14.36
9.06
giorno
1608475899
12.96
9.77
giorno
1608389499
12.8
7.62
giorno
1608735471
14.92
11.65
giorno
1608649071
14.35
10.51
giorno
1608562671
14.31
9.0
giorno
1608476271
12.93
9.74
giorno
1608389871
12.73
7.53
giorno
1608735634
14.91
11.64
giorno
1608649234
14.33
10.48
giorno
1608562834
14.29
8.98
giorno
1608476434
12.91
9.71
giorno
1608390034
12.7
7.49
