13.46
9.84
13.46
14.48
14.31
10.02
14.31
14.81
14.32
9.05
14.32
14.44
13.68
7.79
13.68
13.69
13.05
7.78
13.05
13.05
14.06
8.4
14.06
14.06
14.46
8.1
14.46
14.46
13.51
6.22
13.51
13.51
11.98
5.84
11.98
11.98
11.24
6.09
11.24
11.24
9.44
6.89
9.44
9.44
8.97
6.87
8.97
8.97
7.29
4.5
7.29
7.29
9.38
6.99
9.38
9.38
11.03
9.66
11.03
11.03
9.59
6.78
9.59
9.59
6.95
2.41
6.95
6.95
6.89
2.38
6.89
6.89
5.93
1.71
5.93
5.93
5.67
1.76
5.67
5.67
4.83
1.49
4.83
4.83
7.03
4.24
7.03
7.03
9.18
6.09
9.18
9.18
8.68
5.18
8.68
8.68
6.42
3.23
6.42
6.42
6.49
3.26
6.49
6.49
9.79
4.58
9.79
9.79
11.8
3.4
11.8
11.8
12.96
2.35
12.96
12.96
12.94
3.64
12.94
12.94
13.12
3.2
13.12
13.12
13.13
4.15
13.13
13.13
12.89
4.35
12.89
12.89
12.43
5.58
12.43
12.43
12.18
5.96
12.18
12.18
11.78
6.97
11.78
11.78
12.18
7.25
12.18
12.18
12.23
8.38
12.23
12.23
14.09
8.99
14.09
14.09
13.26
8.04
13.26
13.26
