13.35
12.05
11.41
13.35
12.67
9.3
11.97
12.67
11.16
6.55
10.88
11.16
9.8
6.53
9.76
9.8
7.89
4.44
7.89
7.89
8.98
6.92
8.98
8.98
11.71
9.99
11.71
11.71
9.9
6.99
9.9
9.9
7.97
6.41
7.97
7.97
6.82
3.52
6.82
6.82
7.32
2.47
7.32
7.32
8.01
1.05
8.01
8.01
7.01
2.04
7.01
7.01
7.75
1.22
7.75
7.75
8.7
1.78
8.7
8.7
7.53
2.71
7.53
7.53
6.14
1.22
6.14
6.14
5.83
1.66
5.83
5.83
4.57
1.17
4.57
4.57
3.54
-0.5
3.54
3.54
2.01
-2.44
2.01
2.01
3.52
-0.3
3.52
3.52
5.8
2.99
5.8
5.8
5.43
2.19
5.43
5.43
3.63
-0.42
3.63
3.63
3.84
-0.81
3.84
3.84
5.15
-0.39
5.15
5.15
5.35
-1.01
5.35
5.35
6.24
1.26
6.24
6.24
7.51
3.45
7.51
7.51
8.22
4.71
8.22
8.22
6.64
3.72
6.64
6.64
5.32
1.95
5.32
5.32
3.61
-0.04
3.61
3.61
5.09
0.99
5.09
5.09
7.0
2.57
7.0
7.0
6.45
1.95
6.45
6.45
6.46
3.85
6.46
6.46
8.92
6.97
8.92
8.92
9.24
6.77
9.24
9.24
