13.58
13.14
13.51
13.58
13.16
12.66
13.02
13.16
12.47
11.24
12.39
12.47
11.8
10.31
11.79
11.8
11.7
10.02
11.7
11.7
14.52
12.86
14.52
14.52
15.72
13.58
15.72
15.72
15.16
13.72
15.16
15.16
13.4
12.57
13.4
13.4
13.01
12.03
13.01
13.01
12.97
11.26
12.97
12.97
12.44
10.4
12.44
12.44
12.09
9.97
12.09
12.09
13.79
12.03
13.79
13.79
14.33
10.17
14.33
14.33
12.42
7.07
12.42
12.42
10.86
6.01
10.86
10.86
10.57
6.89
10.57
10.57
10.72
7.94
10.72
10.72
11.06
6.54
11.06
11.06
9.75
5.11
9.75
9.75
11.12
4.71
11.12
11.12
12.02
4.79
12.02
12.02
11.26
4.78
11.26
11.26
9.29
4.18
9.29
9.29
9.72
6.35
9.72
9.72
11.26
7.24
11.26
11.26
11.47
5.91
11.47
11.47
11.51
5.67
11.51
11.51
13.36
6.81
13.36
13.36
14.24
7.35
14.24
14.24
13.23
7.8
13.23
13.23
12.58
8.03
12.58
12.58
13.03
8.22
13.03
13.03
12.39
9.04
12.39
12.39
11.73
8.81
11.73
11.73
11.66
8.35
11.66
11.66
14.37
10.56
14.37
14.37
15.09
10.9
15.09
15.09
14.6
10.5
14.6
14.6
