giornorecco
1608732267
11.49
9.9
giornorecco
1608645867
12.74
7.33
giornorecco
1608559467
10.77
7.84
giornorecco
1608473067
9.53
3.9
giornorecco
1608386667
9.57
7.42
giornorecco
1608736102
11.46
6.3
giornorecco
1608649702
12.05
7.74
giornorecco
1608563302
10.77
8.19
giornorecco
1608476902
9.39
3.38
giornorecco
1608390502
9.06
5.14
giornorecco
1610367651
2.04
-5.5
giornorecco
1610281251
3.99
-3.74
giornorecco
1610194851
3.38
-5.31
giornorecco
1610108451
5.9
-2.12
giornorecco
1610022051
5.46
-1.35
