13.52
10.67
13.52
13.56
12.57
10.43
12.32
12.57
11.36
7.65
11.21
11.36
10.4
7.3
10.38
10.4
10.16
7.08
10.16
10.16
10.6
7.04
10.6
10.6
9.89
4.73
9.89
9.89
8.4
2.88
8.4
8.4
7.77
2.72
7.77
7.77
7.73
2.2
7.73
7.73
7.65
0.97
7.65
7.65
7.39
1.17
7.39
7.39
7.19
1.42
7.19
7.19
7.39
1.69
7.39
7.39
8.19
3.31
8.19
8.19
7.56
2.54
7.56
7.56
5.49
0.29
5.49
5.49
5.45
0.52
5.45
5.45
4.94
0.46
4.94
4.94
4.47
0.28
4.47
4.47
4.24
0.23
4.24
4.24
5.97
3.35
5.97
5.97
7.24
3.14
7.24
7.24
6.38
2.08
6.38
6.38
8.12
2.98
8.12
8.12
9.53
2.79
9.53
9.53
8.32
0.58
8.32
8.32
7.75
5.19
7.75
7.75
6.1
2.12
6.1
6.1
6.25
3.92
6.25
6.25
6.56
4.32
6.56
6.56
7.52
5.44
7.52
7.52
7.16
3.95
7.16
7.16
7.62
5.38
7.62
7.62
8.61
2.5
8.61
8.61
9.94
2.38
9.94
9.94
10.7
3.85
10.7
10.7
9.91
5.1
9.91
9.91
10.49
6.57
10.49
10.49
9.52
6.36
9.52
9.52
