13.75
12.74
13.02
13.75
11.67
9.79
10.9
11.67
10.87
8.4
10.63
10.87
10.34
7.71
10.31
10.34
10.38
7.25
10.38
10.38
10.17
6.9
10.17
10.17
14.12
12.46
14.12
14.12
14.72
12.76
14.72
14.72
13.06
11.9
13.06
13.06
10.24
9.31
10.24
10.24
10.18
7.5
10.18
10.18
10.24
6.37
10.24
10.24
10.22
5.81
10.22
10.22
10.1
6.37
10.1
10.1
12.28
10.71
12.28
12.28
8.97
5.52
8.97
8.97
8.23
5.43
8.23
8.23
7.65
5.94
7.65
7.65
7.7
5.71
7.7
7.7
7.58
6.36
7.58
7.58
6.62
4.13
6.62
6.62
6.41
2.15
6.41
6.41
8.98
5.87
8.98
8.98
9.62
3.79
9.62
9.62
7.94
2.44
7.94
7.94
6.95
2.53
6.95
6.95
5.46
1.79
5.46
5.46
5.07
0.03
5.07
5.07
6.42
0.54
6.42
6.42
7.24
-0.12
7.24
7.24
9.41
0.45
9.41
9.41
11.5
3.27
11.5
11.5
10.39
4.36
10.39
10.39
8.39
2.15
8.39
8.39
8.29
2.11
8.29
8.29
8.66
3.15
8.66
8.66
8.44
2.72
8.44
8.44
8.41
2.08
8.41
8.41
10.9
4.73
10.9
10.9
12.88
8.39
12.88
12.88
