12.81
10.41
12.81
13.37
11.28
8.1
11.01
11.28
11.3
8.1
11.23
11.3
11.5
8.17
11.49
11.5
11.36
7.86
11.36
11.36
11.16
7.42
11.16
11.16
14.72
11.87
14.72
14.72
15.94
13.35
15.94
15.94
13.97
12.14
13.97
13.97
11.94
9.34
11.94
11.94
11.81
9.81
11.81
11.81
11.74
10.5
11.74
11.74
11.31
8.91
11.31
11.31
11.1
7.59
11.1
11.1
13.9
10.42
13.9
13.9
15.03
11.52
15.03
15.03
13.51
11.47
13.51
13.51
11.49
9.68
11.49
11.49
11.21
9.29
11.21
11.21
10.33
8.12
10.33
10.33
10.01
7.79
10.01
10.01
9.53
6.57
9.53
9.53
11.33
7.65
11.33
11.33
11.81
8.98
11.81
11.81
9.61
4.03
9.61
9.61
8.53
3.1
8.53
8.53
8.24
2.98
8.24
8.24
7.99
3.23
7.99
7.99
7.57
3.65
7.57
7.57
7.39
3.83
7.39
7.39
11.01
4.16
11.01
11.01
12.92
4.84
12.92
12.92
11.81
4.14
11.81
11.81
10.28
4.13
10.28
10.28
9.77
3.43
9.77
9.77
9.4
3.74
9.4
9.4
9.34
4.33
9.34
9.34
9.25
4.04
9.25
9.25
12.21
6.24
12.21
12.21
13.33
7.15
13.33
13.33
