15.45
11.34
14.72
15.45
14.15
11.24
13.6
14.15
13.57
10.92
13.39
13.57
12.9
9.98
12.87
12.9
12.01
9.13
12.01
12.01
11.9
7.81
11.9
11.9
12.27
9.35
12.27
12.27
12.69
10.06
12.69
12.69
11.79
9.54
11.79
11.79
10.51
7.66
10.51
10.51
9.11
2.81
9.11
9.11
9.07
0.78
9.07
9.07
9.34
4.08
9.34
9.34
9.21
1.18
9.21
9.21
8.83
0.93
8.83
8.83
7.67
-2.51
7.67
7.67
7.55
-0.49
7.55
7.55
6.74
-1.22
6.74
6.74
6.04
-1.04
6.04
6.04
5.88
-0.77
5.88
5.88
5.39
-0.26
5.39
5.39
4.23
-1.53
4.23
4.23
5.08
-0.15
5.08
5.08
6.25
1.54
6.25
6.25
5.79
3.44
5.79
5.79
5.45
0.99
5.45
5.45
5.91
0.45
5.91
5.91
6.89
1.41
6.89
6.89
7.38
-1.04
7.38
7.38
8.36
-0.39
8.36
8.36
11.14
5.67
11.14
11.14
10.58
6.11
10.58
10.58
10.1
5.03
10.1
10.1
10.03
1.49
10.03
10.03
10.02
-0.02
10.02
10.02
9.83
4.16
9.83
9.83
8.45
3.92
8.45
8.45
7.76
4.3
7.76
7.76
9.55
6.42
9.55
9.55
12.8
8.07
12.8
12.8
