12.87
8.0
12.87
14.03
13.63
7.17
13.63
14.15
13.52
7.27
13.52
13.64
12.49
8.05
12.49
12.5
11.55
8.22
11.55
11.55
13.26
8.75
13.26
13.26
13.62
8.26
13.62
13.62
12.74
4.9
12.74
12.74
11.35
4.49
11.35
11.35
10.86
4.28
10.86
10.86
9.22
4.04
9.22
9.22
7.96
4.28
7.96
7.96
6.07
3.51
6.07
6.07
8.12
5.24
8.12
8.12
10.03
6.71
10.03
10.03
7.08
2.23
7.08
7.08
5.34
-0.24
5.34
5.34
5.36
0.14
5.36
5.36
4.33
-0.5
4.33
4.33
3.6
-1.96
3.6
3.6
2.85
-2.08
2.85
2.85
5.11
0.48
5.11
5.11
7.93
4.24
7.93
7.93
7.18
4.05
7.18
7.18
4.95
2.44
4.95
4.95
5.48
0.93
5.48
5.48
9.29
2.28
9.29
9.29
11.04
0.29
11.04
11.04
12.32
-1.32
12.32
12.32
12.81
1.69
12.81
12.81
12.31
1.91
12.31
12.31
12.05
1.94
12.05
12.05
11.89
2.19
11.89
11.89
11.58
2.23
11.58
11.58
11.7
3.37
11.7
11.7
11.11
4.45
11.11
11.11
11.42
5.14
11.42
11.42
11.97
5.21
11.97
11.97
13.42
6.73
13.42
13.42
12.28
5.84
12.28
12.28
