14.58
11.23
14.11
14.58
14.24
10.82
14.02
14.24
14.14
10.91
14.08
14.14
13.79
11.51
13.78
13.79
13.65
12.26
13.65
13.65
15.33
13.27
15.33
15.33
16.05
13.73
16.05
16.05
15.01
12.96
15.01
15.01
14.35
12.24
14.35
14.35
14.49
13.46
14.49
14.49
14.39
13.29
14.39
14.39
14.11
12.93
14.11
14.11
14.75
11.35
14.75
14.75
15.73
10.3
15.73
15.73
15.93
11.73
15.93
15.93
15.29
12.38
15.29
15.29
14.74
12.53
14.74
14.74
14.89
10.7
14.89
14.89
14.83
8.98
14.83
14.83
15.01
9.0
15.01
15.01
13.97
6.25
13.97
13.97
12.95
7.82
12.95
12.95
13.32
6.22
13.32
13.32
12.16
8.47
12.16
12.16
11.69
7.6
11.69
11.69
12.12
6.74
12.12
12.12
11.51
7.95
11.51
11.51
11.8
5.82
11.8
11.8
11.62
5.85
11.62
11.62
13.49
5.15
13.49
13.49
14.39
3.57
14.39
14.39
14.31
3.59
14.31
14.31
14.49
4.3
14.49
14.49
14.41
4.07
14.41
14.41
14.2
5.08
14.2
14.2
14.13
6.34
14.13
14.13
14.2
6.3
14.2
14.2
15.15
6.96
15.15
15.15
15.03
6.76
15.03
15.03
14.77
6.78
14.77
14.77
