13.96
10.3
13.45
13.96
13.69
11.97
13.48
13.69
14.68
9.14
14.68
14.7
14.13
6.64
14.13
14.13
14.08
6.44
14.08
14.08
15.38
10.0
15.38
15.38
15.0
12.17
15.0
15.0
13.94
10.14
13.94
13.94
12.66
11.05
12.66
12.66
12.04
6.28
12.04
12.04
11.22
7.99
11.22
11.22
9.64
3.91
9.64
9.64
10.12
8.6
10.12
10.12
9.7
7.68
9.7
9.7
10.94
8.1
10.94
10.94
10.45
7.03
10.45
10.45
8.78
2.69
8.78
8.78
8.53
2.18
8.53
8.53
8.16
1.41
8.16
8.16
7.58
1.1
7.58
7.58
8.13
2.15
8.13
8.13
8.38
2.23
8.38
8.38
8.38
1.35
8.38
8.38
8.56
3.25
8.56
8.56
8.12
5.82
8.12
8.12
6.8
3.55
6.8
6.8
6.52
1.87
6.52
6.52
7.98
1.16
7.98
7.98
8.32
2.24
8.32
8.32
11.77
6.03
11.77
11.77
11.95
5.78
11.95
11.95
12.75
8.3
12.75
12.75
12.46
7.82
12.46
12.46
12.23
7.26
12.23
12.23
11.77
6.17
11.77
11.77
11.6
5.3
11.6
11.6
10.65
6.36
10.65
10.65
11.61
6.83
11.61
11.61
13.04
7.99
13.04
13.04
12.69
6.45
12.69
12.69
