15.93
13.35
14.36
15.93
14.6
11.79
13.82
14.6
13.59
10.97
13.33
13.59
13.24
9.76
13.21
13.24
13.35
8.86
13.35
13.35
15.74
11.31
15.74
15.74
17.24
13.22
17.24
17.24
15.86
12.03
15.86
15.86
14.14
10.84
14.14
14.14
13.85
9.61
13.85
13.85
13.71
9.74
13.71
13.71
13.78
11.57
13.78
13.78
10.93
9.54
10.93
10.93
11.05
8.17
11.05
11.05
11.42
8.74
11.42
11.42
11.59
9.93
11.59
11.59
11.76
10.22
11.76
11.76
11.48
10.0
11.48
11.48
11.08
9.26
11.08
11.08
9.77
6.17
9.77
9.77
9.17
5.69
9.17
9.17
9.55
6.53
9.55
9.55
9.38
5.3
9.38
9.38
10.05
6.35
10.05
10.05
8.86
4.23
8.86
8.86
8.67
5.13
8.67
8.67
9.5
3.74
9.5
9.5
9.25
3.98
9.25
9.25
9.36
3.91
9.36
9.36
12.36
5.89
12.36
12.36
14.62
8.46
14.62
14.62
14.05
8.56
14.05
14.05
13.25
6.1
13.25
13.25
13.79
7.28
13.79
13.79
13.57
7.58
13.57
13.57
13.82
7.5
13.82
13.82
13.68
6.79
13.68
13.68
14.81
9.0
14.81
14.81
16.88
12.06
16.88
16.88
15.89
12.6
15.89
15.89
