acate
12.49
10.19
11.08
12.49
aci castello
12.49
10.19
11.08
12.49
acireale
12.49
10.19
11.08
12.49
acquappesa
12.49
10.19
11.08
12.49
acquedolci
12.49
10.19
11.08
12.49
africo
12.49
10.19
11.08
12.49
aglientu
12.49
10.19
11.08
12.49
agrigento
12.49
10.19
11.08
12.49
agropoli
12.49
10.19
11.08
12.49
alassio
12.49
10.19
11.08
12.49
alba adriatica
12.49
10.19
11.08
12.49
albenga
12.49
10.19
11.08
12.49
albidona
12.49
10.19
11.08
12.49
albisola superiore
12.49
10.19
11.08
12.49
albissola marina
12.49
10.19
11.08
12.49
alcamo
12.49
10.19
11.08
12.49
alessano
12.49
10.19
11.08
12.49
alghero
12.49
10.19
11.08
12.49
alì terme
12.49
10.19
11.08
12.49
alliste
12.49
10.19
11.08
12.49
altavilla milicia
12.49
10.19
11.08
12.49
altidona
12.49
10.19
11.08
12.49
amalfi
12.49
10.19
11.08
12.49
amantea
12.49
10.19
11.08
12.49
ameglia
12.49
10.19
11.08
12.49
amendolara
12.49
10.19
11.08
12.49
anacapri
12.49
10.19
11.08
12.49
ancona
12.49
10.19
11.08
12.49
andora
12.49
10.19
11.08
12.49
andrano
12.49
10.19
11.08
12.49
anzio
12.49
10.19
11.08
12.49
arborea
12.49
10.19
11.08
12.49
arbus
12.49
10.19
11.08
12.49
ardea
12.49
10.19
11.08
12.49
ardore
12.49
10.19
11.08
12.49
arenzano
12.49
10.19
11.08
12.49
ariano nel polesine
12.49
10.19
11.08
12.49
arzachena
12.49
10.19
11.08
12.49
arzana
12.49
10.19
11.08
12.49
ascea
12.49
10.19
11.08
12.49
atrani
12.49
10.19
11.08
12.49
augusta
12.49
10.19
11.08
12.49
avola
12.49
10.19
11.08
12.49
bacoli
12.49
10.19
11.08
12.49
badesi
12.49
10.19
11.08
12.49
badolato
12.49
10.19
11.08
12.49
bagheria
12.49
10.19
11.08
12.49
bagnara calabra
12.49
10.19
11.08
12.49
balestrate
12.49
10.19
11.08
12.49
barano d'ischia
12.49
10.19
11.08
12.49
barcellona pozzo di gotto
12.49
10.19
11.08
12.49
bari
12.49
10.19
11.08
12.49
bari sardo
12.49
10.19
11.08
12.49
barletta
12.49
10.19
11.08
12.49
battipaglia
12.49
10.19
11.08
12.49
baunei
12.49
10.19
11.08
12.49
belcastro
12.49
10.19
11.08
12.49
bellaria-igea marina
12.49
10.19
11.08
12.49
belmonte calabro
12.49
10.19
11.08
12.49
belvedere marittimo
12.49
10.19
11.08
12.49
bergeggi
12.49
10.19
11.08
12.49
bernalda
12.49
10.19
11.08
12.49
bianco
12.49
10.19
11.08
12.49
bibbona
12.49
10.19
11.08
12.49
bisceglie
12.49
10.19
11.08
12.49
bogliasco
12.49
10.19
11.08
12.49
bonassola
12.49
10.19
11.08
12.49
bonifati
12.49
10.19
11.08
12.49
bordighera
12.49
10.19
11.08
12.49
borghetto santo spirito
12.49
10.19
11.08
12.49
borgia
12.49
10.19
11.08
12.49
borgio verezzi
12.49
10.19
11.08
12.49
bosa
12.49
10.19
11.08
12.49
botricello
12.49
10.19
11.08
12.49
bova marina
12.49
10.19
11.08
12.49
bovalino
12.49
10.19
11.08
12.49
brancaleone
12.49
10.19
11.08
12.49
briatico
12.49
10.19
11.08
12.49
brindisi
12.49
10.19
11.08
12.49
brolo
12.49
10.19
11.08
12.49
bruzzano zeffirio
12.49
10.19
11.08
12.49
budoni
12.49
10.19
11.08
12.49
buggerru
12.49
10.19
11.08
12.49
butera
12.49
10.19
11.08
12.49
cabras
12.49
10.19
11.08
12.49
cagliari
12.49
10.19
11.08
12.49
cagnano varano
12.49
10.19
11.08
12.49
calasetta
12.49
10.19
11.08
12.49
calatabiano
12.49
10.19
11.08
12.49
calopezzati
12.49
10.19
11.08
12.49
camaiore
12.49
10.19
11.08
12.49
camerota
12.49
10.19
11.08
12.49
camini
12.49
10.19
11.08
12.49
camogli
12.49
10.19
11.08
12.49
campo nell'elba
12.49
10.19
11.08
12.49
campobello di mazara
12.49
10.19
11.08
12.49
campofelice di roccella
12.49
10.19
11.08
12.49
campofilone
12.49
10.19
11.08
12.49
campomarino
12.49
10.19
11.08
12.49
caorle
12.49
10.19
11.08
12.49
capaccio paestum
12.49
10.19
11.08
12.49
capaci
12.49
10.19
11.08
12.49
capalbio
12.49
10.19
11.08
12.49
capo d'orlando
12.49
10.19
11.08
12.49
capoliveri
12.49
10.19
11.08
12.49
capoterra
12.49
10.19
11.08
12.49
capraia isola
12.49
10.19
11.08
12.49
capri
12.49
10.19
11.08
12.49
cardedu
12.49
10.19
11.08
12.49
cariati
12.49
10.19
11.08
12.49
carini
12.49
10.19
11.08
12.49
carlentini
12.49
10.19
11.08
12.49
carloforte
12.49
10.19
11.08
12.49
caronia
12.49
10.19
11.08
12.49
carovigno
12.49
10.19
11.08
12.49
carrara
12.49
10.19
11.08
12.49
casal velino
12.49
10.19
11.08
12.49
casalbordino
12.49
10.19
11.08
12.49
casamicciola terme
12.49
10.19
11.08
12.49
casignana
12.49
10.19
11.08
12.49
cassano all'ionio
12.49
10.19
11.08
12.49
castagneto carducci
12.49
10.19
11.08
12.49
castel volturno
12.49
10.19
11.08
12.49
casteldaccia
12.49
10.19
11.08
12.49
castellabate
12.49
10.19
11.08
12.49
castellammare del golfo
12.49
10.19
11.08
12.49
castellammare di stabia
12.49
10.19
11.08
12.49
castellaneta
12.49
10.19
11.08
12.49
castelsardo
12.49
10.19
11.08
12.49
castelvetrano
12.49
10.19
11.08
12.49
castiadas
12.49
10.19
11.08
12.49
castiglione della pescaia
12.49
10.19
11.08
12.49
castrignano del capo
12.49
10.19
11.08
12.49
castro
12.49
10.19
11.08
12.49
catania
12.49
10.19
11.08
12.49
catanzaro
12.49
10.19
11.08
12.49
cattolica
12.49
10.19
11.08
12.49
cattolica eraclea
12.49
10.19
11.08
12.49
caulonia
12.49
10.19
11.08
12.49
cavallino-treporti
12.49
10.19
11.08
12.49
cecina
12.49
10.19
11.08
12.49
cefalù
12.49
10.19
11.08
12.49
celle ligure
12.49
10.19
11.08
12.49
cellole
12.49
10.19
11.08
12.49
centola
12.49
10.19
11.08
12.49
ceriale
12.49
10.19
11.08
12.49
cerveteri
12.49
10.19
11.08
12.49
cervia
12.49
10.19
11.08
12.49
cervo
12.49
10.19
11.08
12.49
cesenatico
12.49
10.19
11.08
12.49
cetara
12.49
10.19
11.08
12.49
cetraro
12.49
10.19
11.08
12.49
chiavari
12.49
10.19
11.08
12.49
chieuti
12.49
10.19
11.08
12.49
chioggia
12.49
10.19
11.08
12.49
cinisi
12.49
10.19
11.08
12.49
cipressa
12.49
10.19
11.08
12.49
cirò
12.49
10.19
11.08
12.49
cirò marina
12.49
10.19
11.08
12.49
città sant'angelo
12.49
10.19
11.08
12.49
civitanova marche
12.49
10.19
11.08
12.49
civitavecchia
12.49
10.19
11.08
12.49
codevigo
12.49
10.19
11.08
12.49
codigoro
12.49
10.19
11.08
12.49
cogoleto
12.49
10.19
11.08
12.49
comacchio
12.49
10.19
11.08
12.49
conca dei marini
12.49
10.19
11.08
12.49
condofuri
12.49
10.19
11.08
12.49
corigliano-rossano
12.49
10.19
11.08
12.49
corsano
12.49
10.19
11.08
12.49
costarainera
12.49
10.19
11.08
12.49
cropani
12.49
10.19
11.08
12.49
crosia
12.49
10.19
11.08
12.49
crotone
12.49
10.19
11.08
12.49
crucoli
12.49
10.19
11.08
12.49
cuglieri
12.49
10.19
11.08
12.49
cupra marittima
12.49
10.19
11.08
12.49
curinga
12.49
10.19
11.08
12.49
custonaci
12.49
10.19
11.08
12.49
cutro
12.49
10.19
11.08
12.49
davoli
12.49
10.19
11.08
12.49
deiva marina
12.49
10.19
11.08
12.49
diamante
12.49
10.19
11.08
12.49
diano marina
12.49
10.19
11.08
12.49
diso
12.49
10.19
11.08
12.49
domus de maria
12.49
10.19
11.08
12.49
dorgali
12.49
10.19
11.08
12.49
duino-aurisina
12.49
10.19
11.08
12.49
eboli
12.49
10.19
11.08
12.49
eraclea
12.49
10.19
11.08
12.49
ercolano
12.49
10.19
11.08
12.49
erice
12.49
10.19
11.08
12.49
falconara albanese
12.49
10.19
11.08
12.49
falconara marittima
12.49
10.19
11.08
12.49
falcone
12.49
10.19
11.08
12.49
falerna
12.49
10.19
11.08
12.49
fano
12.49
10.19
11.08
12.49
fasano
12.49
10.19
11.08
12.49
favignana
12.49
10.19
11.08
12.49
fermo
12.49
10.19
11.08
12.49
ferruzzano
12.49
10.19
11.08
12.49
ficarazzi
12.49
10.19
11.08
12.49
finale ligure
12.49
10.19
11.08
12.49
fiumefreddo bruzio
12.49
10.19
11.08
12.49
fiumefreddo di sicilia
12.49
10.19
11.08
12.49
fiumicino
12.49
10.19
11.08
12.49
fluminimaggiore
12.49
10.19
11.08
12.49
follonica
12.49
10.19
11.08
12.49
fondi
12.49
10.19
11.08
12.49
forio
12.49
10.19
11.08
12.49
formia
12.49
10.19
11.08
12.49
forte dei marmi
12.49
10.19
11.08
12.49
forza d'agrò
12.49
10.19
11.08
12.49
fossacesia
12.49
10.19
11.08
12.49
framura
12.49
10.19
11.08
12.49
francavilla al mare
12.49
10.19
11.08
12.49
furci siculo
12.49
10.19
11.08
12.49
furnari
12.49
10.19
11.08
12.49
furore
12.49
10.19
11.08
12.49
fuscaldo
12.49
10.19
11.08
12.49
gabicce mare
12.49
10.19
11.08
12.49
gaeta
12.49
10.19
11.08
12.49
gagliano del capo
12.49
10.19
11.08
12.49
gairo
12.49
10.19
11.08
12.49
galatone
12.49
10.19
11.08
12.49
gallipoli
12.49
10.19
11.08
12.49
gatteo
12.49
10.19
11.08
12.49
gela
12.49
10.19
11.08
12.49
genova
12.49
10.19
11.08
12.49
giardini naxos
12.49
10.19
11.08
12.49
giba
12.49
10.19
11.08
12.49
ginosa
12.49
10.19
11.08
12.49
gioia tauro
12.49
10.19
11.08
12.49
gioiosa marea
12.49
10.19
11.08
12.49
giovinazzo
12.49
10.19
11.08
12.49
giugliano in campania
12.49
10.19
11.08
12.49
giulianova
12.49
10.19
11.08
12.49
gizzeria
12.49
10.19
11.08
12.49
golfo aranci
12.49
10.19
11.08
12.49
gonnesa
12.49
10.19
11.08
12.49
goro
12.49
10.19
11.08
12.49
grado
12.49
10.19
11.08
12.49
grisolia
12.49
10.19
11.08
12.49
grosseto
12.49
10.19
11.08
12.49
grottammare
12.49
10.19
11.08
12.49
grotteria
12.49
10.19
11.08
12.49
guardavalle
12.49
10.19
11.08
12.49
guardia piemontese
12.49
10.19
11.08
12.49
iglesias
12.49
10.19
11.08
12.49
imperia
12.49
10.19
11.08
12.49
isca sullo ionio
12.49
10.19
11.08
12.49
ischia
12.49
10.19
11.08
12.49
ischitella
12.49
10.19
11.08
12.49
isola del giglio
12.49
10.19
11.08
12.49
isola delle femmine
12.49
10.19
11.08
12.49
isola di capo rizzuto
12.49
10.19
11.08
12.49
isole tremiti
12.49
10.19
11.08
12.49
ispani
12.49
10.19
11.08
12.49
ispica
12.49
10.19
11.08
12.49
itala
12.49
10.19
11.08
12.49
itri
12.49
10.19
11.08
12.49
jesolo
12.49
10.19
11.08
12.49
joppolo
12.49
10.19
11.08
12.49
la maddalena
12.49
10.19
11.08
12.49
la spezia
12.49
10.19
11.08
12.49
lacco ameno
12.49
10.19
11.08
12.49
ladispoli
12.49
10.19
11.08
12.49
laigueglia
12.49
10.19
11.08
12.49
lamezia terme
12.49
10.19
11.08
12.49
lampedusa e linosa
12.49
10.19
11.08
12.49
lanusei
12.49
10.19
11.08
12.49
lascari
12.49
10.19
11.08
12.49
latina
12.49
10.19
11.08
12.49
lavagna
12.49
10.19
11.08
12.49
lecce
12.49
10.19
11.08
12.49
leni
12.49
10.19
11.08
12.49
leporano
12.49
10.19
11.08
12.49
lerici
12.49
10.19
11.08
12.49
lesina
12.49
10.19
11.08
12.49
letojanni
12.49
10.19
11.08
12.49
levanto
12.49
10.19
11.08
12.49
licata
12.49
10.19
11.08
12.49
lignano sabbiadoro
12.49
10.19
11.08
12.49
lipari
12.49
10.19
11.08
12.49
livorno
12.49
10.19
11.08
12.49
lizzano
12.49
10.19
11.08
12.49
loano
12.49
10.19
11.08
12.49
loceri
12.49
10.19
11.08
12.49
locri
12.49
10.19
11.08
12.49
loiri porto san paolo
12.49
10.19
11.08
12.49
longobardi
12.49
10.19
11.08
12.49
lotzorai
12.49
10.19
11.08
12.49
magliano in toscana
12.49
10.19
11.08
12.49
magomadas
12.49
10.19
11.08
12.49
maiori
12.49
10.19
11.08
12.49
malfa
12.49
10.19
11.08
12.49
mandatoriccio
12.49
10.19
11.08
12.49
manduria
12.49
10.19
11.08
12.49
manfredonia
12.49
10.19
11.08
12.49
maracalagonis
12.49
10.19
11.08
12.49
marano lagunare
12.49
10.19
11.08
12.49
maratea
12.49
10.19
11.08
12.49
marciana
12.49
10.19
11.08
12.49
marciana marina
12.49
10.19
11.08
12.49
margherita di savoia
12.49
10.19
11.08
12.49
marina di gioiosa ionica
12.49
10.19
11.08
12.49
marsala
12.49
10.19
11.08
12.49
martinsicuro
12.49
10.19
11.08
12.49
maruggio
12.49
10.19
11.08
12.49
masainas
12.49
10.19
11.08
12.49
mascali
12.49
10.19
11.08
12.49
massa
12.49
10.19
11.08
12.49
massa lubrense
12.49
10.19
11.08
12.49
massafra
12.49
10.19
11.08
12.49
massignano
12.49
10.19
11.08
12.49
mattinata
12.49
10.19
11.08
12.49
mazara del vallo
12.49
10.19
11.08
12.49
melendugno
12.49
10.19
11.08
12.49
melilli
12.49
10.19
11.08
12.49
melissa
12.49
10.19
11.08
12.49
melito di porto salvo
12.49
10.19
11.08
12.49
menfi
12.49
10.19
11.08
12.49
messina
12.49
10.19
11.08
12.49
meta
12.49
10.19
11.08
12.49
milazzo
12.49
10.19
11.08
12.49
minori
12.49
10.19
11.08
12.49
minturno
12.49
10.19
11.08
12.49
misano adriatico
12.49
10.19
11.08
12.49
modica
12.49
10.19
11.08
12.49
mola di bari
12.49
10.19
11.08
12.49
molfetta
12.49
10.19
11.08
12.49
monasterace
12.49
10.19
11.08
12.49
mondolfo
12.49
10.19
11.08
12.49
mondragone
12.49
10.19
11.08
12.49
moneglia
12.49
10.19
11.08
12.49
monfalcone
12.49
10.19
11.08
12.49
monopoli
12.49
10.19
11.08
12.49
montallegro
12.49
10.19
11.08
12.49
montalto di castro
12.49
10.19
11.08
12.49
montauro
12.49
10.19
11.08
12.49
monte argentario
12.49
10.19
11.08
12.49
monte di procida
12.49
10.19
11.08
12.49
monte sant'angelo
12.49
10.19
11.08
12.49
montebello jonico
12.49
10.19
11.08
12.49
montecorice
12.49
10.19
11.08
12.49
montegiordano
12.49
10.19
11.08
12.49
montemarciano
12.49
10.19
11.08
12.49
montenero di bisaccia
12.49
10.19
11.08
12.49
montepaone
12.49
10.19
11.08
12.49
monterosso al mare
12.49
10.19
11.08
12.49
montesilvano
12.49
10.19
11.08
12.49
montignoso
12.49
10.19
11.08
12.49
morciano di leuca
12.49
10.19
11.08
12.49
motta d'affermo
12.49
10.19
11.08
12.49
motta san giovanni
12.49
10.19
11.08
12.49
muggia
12.49
10.19
11.08
12.49
muravera
12.49
10.19
11.08
12.49
napoli
12.49
10.19
11.08
12.49
narbolia
12.49
10.19
11.08
12.49
nardò
12.49
10.19
11.08
12.49
naso
12.49
10.19
11.08
12.49
nettuno
12.49
10.19
11.08
12.49
nicotera
12.49
10.19
11.08
12.49
nizza di sicilia
12.49
10.19
11.08
12.49
nocera terinese
12.49
10.19
11.08
12.49
noli
12.49
10.19
11.08
12.49
noto
12.49
10.19
11.08
12.49
nova siri
12.49
10.19
11.08
12.49
numana
12.49
10.19
11.08
12.49
olbia
12.49
10.19
11.08
12.49
oliveri
12.49
10.19
11.08
12.49
orbetello
12.49
10.19
11.08
12.49
oristano
12.49
10.19
11.08
12.49
orosei
12.49
10.19
11.08
12.49
ortona
12.49
10.19
11.08
12.49
ospedaletti
12.49
10.19
11.08
12.49
ostuni
12.49
10.19
11.08
12.49
otranto
12.49
10.19
11.08
12.49
pace del mela
12.49
10.19
11.08
12.49
pachino
12.49
10.19
11.08
12.49
palagiano
12.49
10.19
11.08
12.49
palau
12.49
10.19
11.08
12.49
palermo
12.49
10.19
11.08
12.49
palizzi
12.49
10.19
11.08
12.49
palma di montechiaro
12.49
10.19
11.08
12.49
palmi
12.49
10.19
11.08
12.49
pantelleria
12.49
10.19
11.08
12.49
paola
12.49
10.19
11.08
12.49
parghelia
12.49
10.19
11.08
12.49
patti
12.49
10.19
11.08
12.49
patù
12.49
10.19
11.08
12.49
pedaso
12.49
10.19
11.08
12.49
pesaro
12.49
10.19
11.08
12.49
pescara
12.49
10.19
11.08
12.49
peschici
12.49
10.19
11.08
12.49
petacciato
12.49
10.19
11.08
12.49
petrosino
12.49
10.19
11.08
12.49
piano di sorrento
12.49
10.19
11.08
12.49
pietra ligure
12.49
10.19
11.08
12.49
pietrapaola
12.49
10.19
11.08
12.49
pietrasanta
12.49
10.19
11.08
12.49
pieve ligure
12.49
10.19
11.08
12.49
pineto
12.49
10.19
11.08
12.49
piombino
12.49
10.19
11.08
12.49
piraino
12.49
10.19
11.08
12.49
pisa
12.49
10.19
11.08
12.49
pisciotta
12.49
10.19
11.08
12.49
pisticci
12.49
10.19
11.08
12.49
pizzo
12.49
10.19
11.08
12.49
policoro
12.49
10.19
11.08
12.49
polignano a mare
12.49
10.19
11.08
12.49
pollica
12.49
10.19
11.08
12.49
pollina
12.49
10.19
11.08
12.49
pomezia
12.49
10.19
11.08
12.49
pontecagnano faiano
12.49
10.19
11.08
12.49
ponza
12.49
10.19
11.08
12.49
portici
12.49
10.19
11.08
12.49
portigliola
12.49
10.19
11.08
12.49
porto azzurro
12.49
10.19
11.08
12.49
porto cesareo
12.49
10.19
11.08
12.49
porto empedocle
12.49
10.19
11.08
12.49
porto recanati
12.49
10.19
11.08
12.49
porto san giorgio
12.49
10.19
11.08
12.49
porto sant'elpidio
12.49
10.19
11.08
12.49
porto tolle
12.49
10.19
11.08
12.49
porto torres
12.49
10.19
11.08
12.49
porto viro
12.49
10.19
11.08
12.49
portoferraio
12.49
10.19
11.08
12.49
portofino
12.49
10.19
11.08
12.49
portopalo di capo passero
12.49
10.19
11.08
12.49
portoscuso
12.49
10.19
11.08
12.49
portovenere
12.49
10.19
11.08
12.49
posada
12.49
10.19
11.08
12.49
positano
12.49
10.19
11.08
12.49
potenza picena
12.49
10.19
11.08
12.49
pozzallo
12.49
10.19
11.08
12.49
pozzuoli
12.49
10.19
11.08
12.49
praia a mare
12.49
10.19
11.08
12.49
praiano
12.49
10.19
11.08
12.49
priolo gargallo
12.49
10.19
11.08
12.49
procida
12.49
10.19
11.08
12.49
pulaì
12.49
10.19
11.08
12.49
pulsano
12.49
10.19
11.08
12.49
quartu sant'elena
12.49
10.19
11.08
12.49
racale
12.49
10.19
11.08
12.49
ragusa
12.49
10.19
11.08
12.49
rapallo
12.49
10.19
11.08
12.49
ravello
12.49
10.19
11.08
12.49
ravenna
12.49
10.19
11.08
12.49
realmonte
12.49
10.19
11.08
12.49
recco
12.49
10.19
11.08
12.49
reggio calabria
12.49
10.19
11.08
12.49
reitano
12.49
10.19
11.08
12.49
riace
12.49
10.19
11.08
12.49
ribera
12.49
10.19
11.08
12.49
ricadi
12.49
10.19
11.08
12.49
riccione
12.49
10.19
11.08
12.49
rimini
12.49
10.19
11.08
12.49
rio
12.49
10.19
11.08
12.49
riola sardo
12.49
10.19
11.08
12.49
riomaggiore
12.49
10.19
11.08
12.49
riposto
12.49
10.19
11.08
12.49
riva ligure
12.49
10.19
11.08
12.49
rocca imperiale
12.49
10.19
11.08
12.49
rocca san giovanni
12.49
10.19
11.08
12.49
roccalumera
12.49
10.19
11.08
12.49
roccella ionica
12.49
10.19
11.08
12.49
rodi garganico
12.49
10.19
11.08
12.49
roma
12.49
10.19
11.08
12.49
rometta
12.49
10.19
11.08
12.49
rosarno
12.49
10.19
11.08
12.49
roseto capo spulico
12.49
10.19
11.08
12.49
roseto degli abruzzi
12.49
10.19
11.08
12.49
rosignano marittimo
12.49
10.19
11.08
12.49
rosolina
12.49
10.19
11.08
12.49
rotondella
12.49
10.19
11.08
12.49
sabaudia
12.49
10.19
11.08
12.49
salerno
12.49
10.19
11.08
12.49
salve
12.49
10.19
11.08
12.49
san bartolomeo al mare
12.49
10.19
11.08
12.49
san benedetto del tronto
12.49
10.19
11.08
12.49
san felice
12.49
10.19
11.08
12.49
san ferdinando
12.49
10.19
11.08
12.49
san filippo del mela
12.49
10.19
11.08
12.49
san giovanni a piro
12.49
10.19
11.08
12.49
san giovanni suergiu
12.49
10.19
11.08
12.49
san giuliano terme
12.49
10.19
11.08
12.49
san lorenzo
12.49
10.19
11.08
12.49
san lorenzo al mare
12.49
10.19
11.08
12.49
san lucido
12.49
10.19
11.08
12.49
san mauro castelverde
12.49
10.19
11.08
12.49
san mauro cilento
12.49
10.19
11.08
12.49
san mauro pascoli
12.49
10.19
11.08
12.49
san michele al tagliamento
12.49
10.19
11.08
12.49
san nicandro garganico
12.49
10.19
11.08
12.49
san nicola arcella
12.49
10.19
11.08
12.49
san pier niceto
12.49
10.19
11.08
12.49
san pietro vernotico
12.49
10.19
11.08
12.49
san remo
12.49
10.19
11.08
12.49
san salvo
12.49
10.19
11.08
12.49
san sostene
12.49
10.19
11.08
12.49
san teodoro
12.49
10.19
11.08
12.49
san vero milis
12.49
10.19
11.08
12.49
san vincenzo
12.49
10.19
11.08
12.49
san vito chietino
12.49
10.19
11.08
12.49
san vito lo capo
12.49
10.19
11.08
12.49
sangineto
12.49
10.19
11.08
12.49
santa caterina dello ionio
12.49
10.19
11.08
12.49
santa cesarea terme
12.49
10.19
11.08
12.49
santa croce camerina
12.49
10.19
11.08
12.49
santa flavia
12.49
10.19
11.08
12.49
santa giusta
12.49
10.19
11.08
12.49
santa margherita ligure
12.49
10.19
11.08
12.49
santa maria del cedro
12.49
10.19
11.08
12.49
santa marina
12.49
10.19
11.08
12.49
santa marina salina
12.49
10.19
11.08
12.49
santa marinella
12.49
10.19
11.08
12.49
santa teresa di riva
12.49
10.19
11.08
12.49
santa teresa gallura
12.49
10.19
11.08
12.49
sant'agata di militello
12.49
10.19
11.08
12.49
sant'agnello
12.49
10.19
11.08
12.49
sant'alessio siculo
12.49
10.19
11.08
12.49
sant'andrea apostolo dello ionio
12.49
10.19
11.08
12.49
sant'anna arresi
12.49
10.19
11.08
12.49
sant'antioco
12.49
10.19
11.08
12.49
sant'ilario dello ionio
12.49
10.19
11.08
12.49
santo stefano al mare
12.49
10.19
11.08
12.49
santo stefano di camastra
12.49
10.19
11.08
12.49
saponara
12.49
10.19
11.08
12.49
sapri
12.49
10.19
11.08
12.49
sarroch
12.49
10.19
11.08
12.49
sarzana
12.49
10.19
11.08
12.49
sassari
12.49
10.19
11.08
12.49
satriano
12.49
10.19
11.08
12.49
savignano sul rubicone
12.49
10.19
11.08
12.49
savona
12.49
10.19
11.08
12.49
scala coeli
12.49
10.19
11.08
12.49
scalea
12.49
10.19
11.08
12.49
scaletta zanclea
12.49
10.19
11.08
12.49
scanzano jonico
12.49
10.19
11.08
12.49
scarlino
12.49
10.19
11.08
12.49
sciacca
12.49
10.19
11.08
12.49
scicli
12.49
10.19
11.08
12.49
scilla
12.49
10.19
11.08
12.49
sellia marina
12.49
10.19
11.08
12.49
seminara
12.49
10.19
11.08
12.49
senigallia
12.49
10.19
11.08
12.49
serracapriola
12.49
10.19
11.08
12.49
serrara fontana
12.49
10.19
11.08
12.49
sessa aurunca
12.49
10.19
11.08
12.49
sestri levante
12.49
10.19
11.08
12.49
siculiana
12.49
10.19
11.08
12.49
siderno
12.49
10.19
11.08
12.49
silvi
12.49
10.19
11.08
12.49
simeri crichi
12.49
10.19
11.08
12.49
siniscola
12.49
10.19
11.08
12.49
sinnai
12.49
10.19
11.08
12.49
siracusa
12.49
10.19
11.08
12.49
sirolo
12.49
10.19
11.08
12.49
sori
12.49
10.19
11.08
12.49
sorrento
12.49
10.19
11.08
12.49
sorso
12.49
10.19
11.08
12.49
soverato
12.49
10.19
11.08
12.49
spadafora
12.49
10.19
11.08
12.49
sperlonga
12.49
10.19
11.08
12.49
spotorno
12.49
10.19
11.08
12.49
squillace
12.49
10.19
11.08
12.49
stalettì
12.49
10.19
11.08
12.49
staranzano
12.49
10.19
11.08
12.49
stignano
12.49
10.19
11.08
12.49
stilo
12.49
10.19
11.08
12.49
stintino
12.49
10.19
11.08
12.49
strongoli
12.49
10.19
11.08
12.49
taggia
12.49
10.19
11.08
12.49
taormina
12.49
10.19
11.08
12.49
taranto
12.49
10.19
11.08
12.49
tarquinia
12.49
10.19
11.08
12.49
taviano
12.49
10.19
11.08
12.49
terme vigliatore
12.49
10.19
11.08
12.49
termini imerese
12.49
10.19
11.08
12.49
termoli
12.49
10.19
11.08
12.49
terracina
12.49
10.19
11.08
12.49
terralba
12.49
10.19
11.08
12.49
terrasini
12.49
10.19
11.08
12.49
tertenia
12.49
10.19
11.08
12.49
teulada
12.49
10.19
11.08
12.49
tiggiano
12.49
10.19
11.08
12.49
torchiarolo
12.49
10.19
11.08
12.49
torino di sangro
12.49
10.19
11.08
12.49
torre annunziata
12.49
10.19
11.08
12.49
torre del greco
12.49
10.19
11.08
12.49
torregrotta
12.49
10.19
11.08
12.49
torrenova
12.49
10.19
11.08
12.49
torretta
12.49
10.19
11.08
12.49
torricella
12.49
10.19
11.08
12.49
tortolì
12.49
10.19
11.08
12.49
tortora
12.49
10.19
11.08
12.49
tortoreto
12.49
10.19
11.08
12.49
trabia
12.49
10.19
11.08
12.49
trani
12.49
10.19
11.08
12.49
trapani
12.49
10.19
11.08
12.49
trappeto
12.49
10.19
11.08
12.49
trebisacce
12.49
10.19
11.08
12.49
tresnuraghes
12.49
10.19
11.08
12.49
tricase
12.49
10.19
11.08
12.49
trieste
12.49
10.19
11.08
12.49
trinità d'agultu e vignola
12.49
10.19
11.08
12.49
tropea
12.49
10.19
11.08
12.49
tusa
12.49
10.19
11.08
12.49
ugento
12.49
10.19
11.08
12.49
ustica
12.49
10.19
11.08
12.49
vado ligure
12.49
10.19
11.08
12.49
valderice
12.49
10.19
11.08
12.49
valdina
12.49
10.19
11.08
12.49
valledoria
12.49
10.19
11.08
12.49
varazze
12.49
10.19
11.08
12.49
vasto
12.49
10.19
11.08
12.49
vecchiano
12.49
10.19
11.08
12.49
venetico
12.49
10.19
11.08
12.49
venezia
12.49
10.19
11.08
12.49
ventimiglia
12.49
10.19
11.08
12.49
ventotene
12.49
10.19
11.08
12.49
vernazza
12.49
10.19
11.08
12.49
vernole
12.49
10.19
11.08
12.49
viareggio
12.49
10.19
11.08
12.49
vibo valentia
12.49
10.19
11.08
12.49
vibonati
12.49
10.19
11.08
12.49
vico del gargano
12.49
10.19
11.08
12.49
vico equense
12.49
10.19
11.08
12.49
vieste
12.49
10.19
11.08
12.49
vietri sul mare
12.49
10.19
11.08
12.49
villa san giovanni
12.49
10.19
11.08
12.49
villafranca tirrena
12.49
10.19
11.08
12.49
villanova monteleone
12.49
10.19
11.08
12.49
villapiana
12.49
10.19
11.08
12.49
villaputzu
12.49
10.19
11.08
12.49
villasimius
12.49
10.19
11.08
12.49
vittoria
12.49
10.19
11.08
12.49
zambrone
12.49
10.19
11.08
12.49
zapponeta
12.49
10.19
11.08
12.49
zoagli
12.49
10.19
11.08
12.49
