3.86
1.91
3.2
3.86
3.09
0.24
2.71
3.09
2.52
-0.5
2.38
2.52
2.03
-1.05
2.01
2.03
2.02
-1.28
2.02
2.02
5.5
2.62
5.5
5.5
8.82
5.85
8.82
8.82
8.25
6.06
8.25
8.25
5.23
1.58
5.23
5.23
5.79
2.48
5.79
5.79
4.97
1.4
4.97
4.97
4.68
0.66
4.68
4.68
4.86
0.72
4.86
4.86
8.32
4.75
8.32
8.32
11.38
8.73
11.38
11.38
10.19
7.89
10.19
10.19
7.2
4.3
7.2
7.2
6.69
3.96
6.69
6.69
6.24
3.38
6.24
6.24
6.93
4.33
6.93
6.93
6.86
4.2
6.86
6.86
9.51
6.76
9.51
9.51
13.07
9.7
13.07
13.07
11.86
8.71
11.86
11.86
8.89
5.1
8.89
8.89
8.98
5.48
8.98
8.98
7.88
3.98
7.88
7.88
8.52
5.04
8.52
8.52
9.17
4.31
9.17
9.17
9.51
6.66
9.51
9.51
14.26
6.55
14.26
14.26
12.34
4.1
12.34
12.34
10.8
5.02
10.8
10.8
9.7
4.67
9.7
9.7
8.5
5.18
8.5
8.5
7.95
3.93
7.95
7.95
7.65
3.81
7.65
7.65
8.89
4.14
8.89
8.89
8.77
5.25
8.77
8.77
8.61
5.93
8.61
8.61
