13.48
11.51
13.48
14.01
13.99
11.83
13.99
14.27
10.72
7.44
10.57
10.72
10.59
7.23
10.57
10.59
10.63
6.99
10.63
10.63
11.12
7.03
11.12
11.12
10.73
6.81
10.73
10.73
13.0
9.21
13.0
13.0
15.37
11.01
15.37
15.37
14.76
10.45
14.76
14.76
11.84
8.15
11.84
11.84
12.28
8.27
12.28
12.28
12.75
7.7
12.75
12.75
13.15
7.6
13.15
13.15
13.31
7.5
13.31
13.31
14.5
8.27
14.5
14.5
14.3
8.09
14.3
14.3
13.87
6.98
13.87
13.87
11.17
2.75
11.17
11.17
12.09
5.76
12.09
12.09
11.9
2.86
11.9
11.9
11.01
1.4
11.01
11.01
10.68
1.86
10.68
10.68
11.09
1.23
11.09
11.09
12.13
4.42
12.13
12.13
11.84
3.49
11.84
11.84
10.4
2.92
10.4
10.4
9.94
4.27
9.94
9.94
10.86
4.51
10.86
10.86
11.65
4.38
11.65
11.65
11.81
5.11
11.81
11.81
12.88
4.54
12.88
12.88
10.55
1.81
10.55
10.55
11.51
0.38
11.51
11.51
10.6
1.43
10.6
10.6
11.11
1.92
11.11
11.11
10.08
1.52
10.08
10.08
10.06
3.01
10.06
10.06
10.04
1.69
10.04
10.04
10.31
1.34
10.31
10.31
