11.07
7.57
11.07
11.88
10.96
7.48
10.96
11.14
10.75
7.44
10.75
10.78
11.01
7.67
11.01
11.02
11.65
8.22
11.65
11.65
12.7
9.91
12.7
12.7
15.39
13.32
15.39
15.39
14.65
10.68
14.65
14.65
12.81
8.9
12.81
12.81
12.86
6.35
12.86
12.86
11.04
4.87
11.04
11.04
10.22
5.89
10.22
10.22
10.33
5.36
10.33
10.33
10.95
6.2
10.95
10.95
12.49
6.62
12.49
12.49
11.79
7.23
11.79
11.79
9.79
5.8
9.79
9.79
8.71
4.72
8.71
8.71
7.93
3.7
7.93
7.93
7.78
4.24
7.78
7.78
7.75
3.07
7.75
7.75
9.91
5.82
9.91
9.91
11.43
8.26
11.43
11.43
8.44
5.75
8.44
8.44
8.05
2.73
8.05
8.05
7.78
1.06
7.78
7.78
7.01
0.99
7.01
7.01
6.59
2.86
6.59
6.59
6.02
2.25
6.02
6.02
8.05
5.06
8.05
8.05
5.72
-0.68
5.72
5.72
7.01
0.44
7.01
7.01
5.66
0.62
5.66
5.66
4.82
0.71
4.82
4.82
4.46
-0.06
4.46
4.46
4.4
0.1
4.4
4.4
4.44
0.24
4.44
4.44
7.02
3.52
7.02
7.02
8.82
6.07
8.82
8.82
8.28
5.09
8.28
8.28
